5858
6035
6101
6116
6839
6987
5523
5583
5712
6434
5797
12953
6036
5482
5984
12811
12901
10287
14278
13551
12678
9913
13760
13221
13844
17727
14040
18161
10811
8030
16344
18967
12121
9455
11434
27344
22123
18637
8132
7951
7431
7055
7774
6317
6713
10120
6330
6990
6486
7475
9785
13514
12695
14783
18393
8325
7920
7309
8566
6631
6979
6248
10847
24745
29851
21360
24751
7259
15429
25576
22190
16105
8234
8125
12037
9864
9270
9974
7341
7729
7253
8874
7237
8199
14388
8590
11475
6639
7122
10256
9031
7748
8962
7565
8042
8662
8407
7964
7562
7380
9203
7012
7063
8197
8358
7358
7205
7355
7243
6946
7392
7095
7602
7173
6676
7075
7442
7422
7863
7481
6740
6962
7108
6642
8321
7438
7687
7360
7556
7931
8323
8161
7485
7112
8618
10599
9725
8572
9222
7901
8559
8925
9370
9026
8713
8067
7400
8137
9028
7524
7614
7155
6994
7110
6837
8726
6115
5336
5675
7288
5656
4836
4458
4325
3783
3259
2992
2846
2843
3152
2706
2940
2393
2576
2046
2038
2034
2419
1847
1379
1164
1122
860
809
708
673
539
581
490
533
640
409
335
336
1318
436
248
176
158
155
128
143
314
82
72
110
147
100
52
36
20
40
19
14
5
1
